%YAML:1.0
---
calibration_time: "Mon Sep 17 15:37:37 2018"
image_width: 1280
image_height: 720
flags: 0
camera_matrix: !!opencv-matrix
   rows: 3
   cols: 3
   dt: d
   data: [ 9.5695562309105196e+02, 0., 6.4605950783923311e+02, 0.,
       9.5503736514481977e+02, 3.5911462081296384e+02, 0., 0., 1. ]
distortion_coefficients: !!opencv-matrix
   rows: 1
   cols: 5
   dt: d
   data: [ -5.0278256810846834e-02, 4.4727769829143715e-01,
       -1.4418910842396513e-03, -1.3913757951504539e-04,
       -9.0530447301580208e-01 ]
avg_reprojection_error: 3.7515534600736350e-01
